0.09822759
0.10103976
0.09802995
0.10738074
0.104623616
0.09430365
0.10426684
0.09469031
0.099614784
0.09907717
0.102669254
0.09613371
0.11005233
0.10144972
0.10339045
0.10118162
0.09612326
0.09474622
0.09314245
0.10776966
0.105800964
0.09678961
0.10520099
0.0958756
0.09355846
0.10324787
0.09844819
0.10464369
0.08855778
0.09626348
0.09497704
0.10091405
0.106892586
0.09660037
0.10219804
0.09237293
0.102562144
0.09906562
0.09828993
0.10217627
0.093307376
0.10109535
0.09889545
0.10393289
0.10859202
0.09397344
0.102075584
0.09770694
0.09287286
0.10007818
0.09367205
0.095078945
0.098315075
0.10139175
0.10790006
0.10340147
0.096536525
0.10596772
0.094035074
0.10121812
0.09739878
0.09868391
0.09884832
0.106033064
0.093370125
0.10461272
0.09849974
0.09721679
0.10023781
0.098518975
0.09694808
0.095694646
0.100192785
0.102747045
0.090961196
0.09535116
0.09626224
0.100180015
0.10726585
0.09468741
0.09654469
0.089640334
0.10095739
0.09511802
0.10550517
0.10242037
0.09226093
0.09212589
0.094781585
0.10189925
0.09820005
0.10118934
0.10565886
0.101255074
0.11071231
0.09260174
0.10024324
0.11072629
0.09743165
0.094359316
0.098889776
0.104497455
0.096849926
0.099087045
0.09960865
0.104553565
0.098564975
0.10204139
0.09797229
0.09313744
0.09564027
0.104011595
0.10219055
0.09832312
0.097375795
0.091145344
0.095081136
0.11035636
0.10183462
0.092896454
0.10199893
0.096662804
0.100527145
0.10785657
0.100774705
0.095997065
0.101727314
0.09091183
