0.27130854
0.07826199
0.058056865
-0.17521589
0.24708265
0.18499349
0.32555994
-0.08391506
-0.15899627
0.21736851
0.09173952
-0.079696536
0.119300164
-0.10328336
0.29143444
-0.24406351
0.06954047
0.1766284
0.25184038
-0.32406762
0.0822331
0.20177114
0.13404936
0.059278496
0.026345419
0.33885586
0.036733393
0.075964816
-0.16709581
-0.11061699
0.19206125
-0.0105532035
-0.04475529
0.331068
0.28882226
0.0004886861
-0.044477083
0.20920804
0.03935774
0.34050483
-0.24353269
0.07434173
-0.18376221
-0.08017292
-0.23139904
0.122475795
0.24255398
-0.076671585
0.1938216
-0.066778295
-0.08790999
-0.25312513
0.21015063
0.24231298
0.24709338
-0.24064519
0.041251354
0.2017552
0.13786444
-0.05320839
-0.21247269
-0.121820025
0.3303211
-0.037423797
0.18719263
-0.13280186
-0.15963925
-0.0036947795
0.29093975
0.046310537
0.13748881
-0.027520135
-0.25504708
0.243016
0.07376009
0.011936249
-0.10466051
-0.17896692
0.24240576
-0.12041163
0.13452038
0.09787311
-0.025223117
0.1748465
0.22222942
0.062035583
0.048833076
0.2576005
-0.1437294
0.21765329
-0.2459086
0.07298629
0.014247541
0.08487251
0.28715652
-0.17053413
0.06717954
-0.33842415
-0.20803128
-0.14666829
0.04145158
-0.14722586
0.096864715
-0.26601902
-0.020678313
0.21281216
0.102650024
0.13457897
-0.31191957
0.22378476
0.14697365
0.045682028
-0.045205023
-0.13073604
-0.20839687
-0.030222217
0.23615178
-0.28179547
0.12425584
-0.27977297
-0.15605418
0.1772633
0.095960714
0.007230168
0.005358524
0.016015677
-0.065074466
-0.0051224353
-0.060331114
-0.11217096
-0.26303008
0.102540806
0.26341593
-0.24597187
0.14937204
0.068773635
0.063563704
0.16151996
-0.11312651
-0.0103757
0.020145996
-0.14873298
-0.018551026
-0.13724962
