0.0109747555
0.09495613
0.08377843
-0.09181635
0.16010068
-0.032177743
0.119612515
-0.15020952
0.05063239
0.05839664
-0.224277
0.13333434
0.021315508
-0.024990527
-0.20581459
0.09309935
0.09713949
0.12580402
-0.12954956
0.025748711
-0.007968343
0.07589878
0.15012531
-0.18960792
-0.2249706
-0.0737212
-0.030079763
-0.08223469
0.14257261
0.05318856
-0.15399157
0.063866556
0.06402514
-0.013911719
-0.020840453
-0.07737402
0.010255049
-0.16405936
0.10401511
0.025476258
-0.1727023
-0.1827981
-0.032706384
-0.011089485
-0.084188715
-0.07550239
0.15099181
0.13544261
-0.09602949
0.0713567
-0.092885785
-0.110727035
-0.052415546
-0.17180929
-0.06726061
0.01180549
-0.12496212
0.14458211
-0.07997405
0.13902672
0.0268739
0.053310726
0.014959141
0.032610845
0.15681393
0.02401326
0.10461702
-0.11714825
0.021833893
-0.07303655
0.055165455
-0.052237447
0.1490478
-0.25123218
0.029165776
-0.014262587
0.07228486
0.089468196
-0.16522092
-0.08993771
0.04854842
-0.16561116
0.24728602
0.036955915
0.011763711
-0.13653137
0.069850996
-0.07604526
0.18827394
-0.08583466
0.035800748
0.1539962
0.017482987
0.055083398
0.1975626
-0.17938568
0.18339394
0.013226962
0.05154255
0.04853289
-0.017225241
0.05121334
-0.24765092
0.03518748
-0.042788487
0.14503568
-0.07874424
0.15946361
0.073617645
-0.12302031
-0.033766516
-0.25981882
-0.09590448
0.08869269
0.1387661
0.010757595
-0.02104907
-0.0055872817
-0.13161664
0.072278
0.08671699
-0.18282148
0.03157826
-0.0704648
-0.013528989
-0.080131635
0.12276904
0.04576065
-0.13653398
-0.20467055
-0.013687542
0.14533694
0.14162232
-0.032703593
0.16364707
0.018927298
-0.061431106
-0.11136401
-0.091847956
-0.0966783
-0.08763287
-0.025972055
-0.014562921
0.047347054
0.07383866
0.118024275
-0.26334792
-0.0010977765
-0.19164684
0.022389678
-0.04058255
0.0024102146
-0.12506595
0.003421776
0.108830646
0.00745434
0.17264286
0.072668985
0.042015854
-0.07426468
-0.051665105
0.22187407
-0.07064398
0.01930809
0.16317283
0.10691552
0.12647554
-0.14868191
-0.22478797
0.049031314
0.01729951
-0.07754069
-0.15465786
0.12888928
-0.06495215
0.208227
0.11870527
0.08932637
-0.13550271
0.054811057
0.14472352
-0.074988954
0.09042011
-0.03540163
-0.007974444
-0.19556163
-0.03486411
-0.14067699
0.10304197
-0.100529335
-0.07043444
-0.12078137
-0.112052865
-0.05758485
-0.049913812
-0.121163785
0.0995117
0.058304865
0.05390122
-0.10848947
-0.08600046
0.21225396
0.085802786
-0.13525365
-0.14012133
0.13067512
-0.098527335
0.040331725
0.08016764
0.05873993
-0.19336715
0.16309823
0.02699986
0.012857148
0.077120505
0.05172026
-0.20089674
-0.049245045
-0.085825294
-0.057490066
-0.033502903
-0.07922567
-0.16590169
-0.13612317
0.14249255
-0.1051567
0.16460104
-0.23383567
-0.1323901
-0.005613557
0.09132741
0.07732058
-0.07787694
-0.06577988
0.058862615
0.0052755666
-0.14415665
0.17561889
0.20880319
-0.09777766
-0.059824213
-0.047752313
-0.049560767
-0.19956984
0.10346946
-0.07088967
-0.012407752
-0.037656464
0.04959546
0.1105767
-0.06541978
0.12759675
0.19389896
-0.14146204
-0.040746607
-0.014593231
-0.05603574
0.04256552
0.12603822
0.18080299
-0.05332832
-0.06793307
-0.16251375
0.10570769
0.030806564
-0.10893045
-0.09952763
0.075660266
0.023804387
-0.19007339
0.009974897
-0.18970957
0.17831564
-0.025243707
0.057173863
0.0678218
0.066932425
-0.04202283
0.016020782
0.019414486
0.050941184
-0.064408705
-0.03754758
-0.0441733
-0.15512747
-0.01537766
0.11345569
0.052761618
-0.103103206
-0.119132765
-0.32548645
-0.07656094
0.200666
0.017321752
0.06405084
-0.07561044
-0.08560698
0.06648292
-0.020211611
0.0071611376
-0.21928808
0.06440718
0.018728087
0.027211169
-0.073614664
-0.008072413
-0.075260155
0.17392547
-0.19369635
-0.0004930064
0.014355676
0.015069378
-0.19127354
-0.08623009
-0.024802273
0.114712216
0.0404287
-0.09764138
-0.1674806
-0.101195425
0.016166145
-0.050990008
-0.017347591
-0.12089092
0.0034514442
-0.05457139
0.1359906
-0.04978133
0.08951251
-0.12915881
-0.13738477
0.07604723
-0.027244078
0.07909292
0.043206584
-0.11299957
0.028916948
0.02098817
-0.07223264
-0.1940543
-0.15123264
0.056559
0.059127048
0.03965274
-0.106341206
0.2199919
0.05415755
-0.06704929
-0.03700337
0.014261168
-0.093568966
0.2500923
0.16150324
0.032829266
0.12839058
-0.033615187
-0.16169263
-0.16374034
-0.021325449
-0.16901708
0.14117049
-0.12264559
0.029799003
0.15384704
0.12334777
0.033706475
-0.1152084
0.15745986
0.09247399
0.07825641
0.018991705
-0.05072896
0.03773945
-0.055747356
-0.038448937
-0.0662678
0.04675194
0.0047806525
0.09932726
-0.07521443
-0.14413859
-0.092834465
0.21837178
0.023598718
0.01950114
0.1297954
0.0057887184
0.14052483
-0.023175767
-0.1469621
-0.10067608
0.035768487
-0.029422821
0.07422833
0.055451326
0.11351837
0.075130515
-0.083277866
-0.22810318
-0.06909439
-0.09441298
-0.045782994
0.028111594
-0.105735146
0.116856515
0.12809478
-0.08952329
0.1370581
-0.023174938
-0.1574368
-0.0053776037
-0.0007916744
-0.17151262
-0.15288699
0.07568083
0.07589763
0.13404343
0.0470114
0.1534771
0.0071205553
0.07532311
-0.08765821
0.15727371
-0.14952242
0.16796131
0.03920659
0.013360565
-0.02791939
-0.06949731
0.11009921
-0.034232315
-0.15855354
0.104396865
-0.08555159
0.061148096
-0.105004065
0.040556964
-0.15280089
0.08980031
-0.10943103
-0.014941964
0.13046232
-0.053708654
-0.047240723
-0.022681097
0.01966553
-0.15829201
-0.05464621
-0.17801778
-0.16751848
-0.10235747
-0.051253475
-0.00036968375
0.13070421
0.093926534
0.012546522
0.0010553235
0.07802128
-0.030961324
-0.13400498
-0.12968563
0.09665763
0.10772363
0.17704926
-0.07204709
-0.03231856
-0.16073936
-0.1843037
-0.097867675
0.08326963
-0.0065589165
-0.17560829
-0.15241374
-0.013624521
0.021949004
0.02620892
0.12993656
0.10405186
-0.20792478
-0.061336786
-0.04266679
-0.15761817
-0.016185261
0.09244382
0.00096997083
-0.033971187
-0.09780208
0.08597232
0.033018272
-0.0038141857
0.008939528
0.017552514
0.039301604
0.08995886
0.06642954
-0.16502477
0.14750901
0.010798768
0.10286687
-0.1704134
0.04173772
0.06664534
-0.007930154
0.0029380622
-0.10114945
-0.19939038
-0.023168126
0.14160717
-0.08938732
-0.01508554
-0.06837044
-0.023189321
0.08376107
-0.13438542
-0.21400939
-0.2351116
0.11431977
0.10882838
-0.02353812
-0.079632126
-0.05326464
-0.11959027
-0.010675842
-0.17745157
-0.068693355
-0.10098154
-0.039958805
0.09459452
-0.13413452
-0.060612876
-0.19672285
0.037505105
0.06373167
-0.14197688
-0.04657643
-0.054409795
-0.049791772
-0.032889552
-0.06693603
0.12303217
0.068798065
0.021531206
-0.042723
-0.13991937
0.055067122
0.07360188
0.12388467
-0.06491848
-0.16331135
-0.102178335
0.099463806
-0.039462104
0.010986127
-0.039923158
-0.053914294
-0.15246472
0.09145349
0.2264678
0.0072696474
0.01495161
0.14524247
0.022705533
0.024757866
-0.121235915
-0.04951874
-0.1429343
0.1097685
0.03447019
-0.060217954
-0.09962483
0.17941032
-0.13993357
-0.12725528
0.095863804
-0.028620295
-0.10685209
-0.17589314
0.020382494
0.16875362
0.17447206
0.05776592
-0.26654837
-0.20113355
-0.049474396
0.13683988
-0.1054038
-0.07581182
-0.08803399
-0.054938536
0.1456998
-0.1973409
0.16914493
-0.049403086
-0.114682734
0.23852424
-0.11894836
-0.032654785
-0.19670512
-0.029054184
-0.045476474
0.13000904
-0.06878067
-0.015872305
-0.06049198
0.05915324
0.18489136
-0.28751108
-0.20686209
-0.13349152
-0.13540933
-0.022999741
-0.2167063
0.1413625
-0.0700214
-0.14758153
0.07357797
-0.13356489
0.08608919
0.07929895
0.2012557
-0.033250906
-0.07347004
-0.2356968
-0.08568789
0.04731293
0.026135448
0.024236634
-0.08975779
0.042539597
-0.051929783
-0.026920293
0.027235635
0.11147368
0.11985551
0.06328375
-0.051797953
-0.24971044
0.048055828
0.14195244
0.0707166
0.15679975
0.07219703
-0.20190242
-0.072484635
0.13467692
0.091244616
0.19035442
-0.08139546
-0.18217601
0.03899077
-0.10815373
0.00646878
0.050054368
0.099337325
-0.1297509
0.057513773
-0.021244857
-0.077199996
-0.03724973
0.11611218
0.17486419
0.0032779656
0.009607889
0.08539507
-0.054961562
0.05308451
0.09484511
0.19171394
0.15391736
0.04878277
-0.040578865
-0.013956687
-0.03315698
0.0068585915
0.046814
-0.12922108
-0.042622942
0.00765323
0.17621996
-0.105682306
-0.05897488
0.062385
-0.0012410086
-0.08256478
0.08474536
-0.0027637917
0.0080093825
0.17944324
-0.20369625
0.0749415
0.08881359
-0.19440548
0.07591674
-0.0597826
0.104603566
0.05945093
0.061892387
0.08693248
-0.07210198
-0.089982346
-0.16917275
-0.014860354
0.0113286795
-0.12253028
0.067570195
0.02011473
-0.08887365
-0.05483303
0.114550225
0.034929767
0.11018685
-0.072945066
-0.14700761
0.1561061
-0.004418577
-0.09727389
-0.038584057
0.043900542
0.17887193
-0.012710463
-0.04007962
0.07746908
-0.08108144
-0.04904342
0.026377061
0.017453164
-0.0680044
0.033212475
-0.20555003
0.11183976
0.031098204
0.14025125
0.12588897
-0.052795444
0.011449796
-0.13316095
0.21149556
-0.16027398
0.0643432
-0.11268997
0.023147231
-0.09336514
-0.021006802
0.024585139
0.05756722
-0.022258082
-0.13495941
0.016347103
-0.031816058
0.10140132
0.12173595
-0.03698804
0.2810708
0.07193364
0.015090042
-0.06281825
0.056733113
0.0060171853
0.062864535
0.00087246386
0.015020439
-0.058841
0.05502806
0.097203985
0.07737197
-0.05683203
-0.09157383
0.05931243
-0.041219328
-0.002476834
0.1431728
0.13291231
-0.11769837
0.1598883
0.03811821
0.029488942
0.18879472
0.048141
-0.010680622
0.14199184
0.02988301
0.059172157
0.07512869
0.043029983
-0.028033555
0.0057033417
0.07736515
-0.065416716
0.08281153
-0.025476761
0.080168076
-0.14640565
0.20586933
-0.19821648
-0.12381345
-0.06082682
-0.05295836
0.086773895
-0.074766785
-0.03391219
-0.024949526
0.046511535
-0.22238867
0.07858803
0.05737424
0.1032802
-0.005447888
-0.0709198
-0.0824652
0.22050206
-0.09462499
0.06521852
0.063823976
0.09390785
-0.06103161
0.045837197
0.045477767
-0.19031323
-0.27534908
0.012664055
0.11729824
0.13540976
0.048824117
-0.088429175
0.059333473
0.20435445
-0.12238011
0.17273334
0.038280178
-0.047597326
0.10520776
-0.100751676
0.01597576
0.101795875
-0.13142101
-0.16001569
-0.051505145
-0.097767785
0.11559815
-0.049145795
0.002884678
0.19972068
0.07892476
-0.23766384
0.020178614
-0.006679958
0.17564312
-0.018913396
-0.15517104
0.045446098
-0.13525307
-0.19944663
-0.09987385
0.050064325
-0.0045172204
0.007241639
-0.004696784
-0.017657783
-0.0056657693
0.074568495
0.015174086
-0.06607715
-0.12086124
-0.013860074
0.044787213
0.10085997
-0.07543398
-0.02780145
0.0044413097
0.060032636
-0.10788752
0.021583349
0.01936625
0.108996086
-0.018360881
-0.14266233
0.07437769
0.10468081
0.06345291
0.12658782
0.049862623
-0.057960715
0.0049637505
0.023453068
-0.048303258
-0.12890911
-0.1341368
0.020268701
0.16080712
0.18159963
-0.133878
-0.09539598
0.050765283
-0.06015524
0.1028485
-0.03323027
-0.07684056
0.011591346
0.013205032
0.025530094
-0.14227621
-0.17096978
-0.19773805
0.09276526
-0.017754592
0.12295889
0.09827845
-0.06229391
-0.079470165
-0.08885114
-0.13721901
-0.052555546
0.02265468
0.08187384
-0.016055664
-0.020613486
0.13513818
-0.028495038
-0.079370126
-0.09165662
0.060840223
-0.043640092
0.018821366
0.029657252
-0.094367005
-0.21784699
0.0060004005
0.05020542
-0.04827574
-0.05649669
0.057007227
0.008096736
-0.05038509
-0.22654656
-0.030173246
-0.09018051
0.14933641
-0.09306402
-0.12707846
-0.111197755
-0.019296244
-0.030204289
0.073035404
-0.10149647
0.0013664903
0.028028939
-0.015472685
0.047466114
-0.049120937
-0.06439196
-0.11204478
0.17109618
-0.10179276
-0.0044534425
0.11694134
0.055516873
-0.0223527
0.01303775
0.020852938
0.0049597397
0.0046335543
-0.19890858
-0.18789095
-0.016995668
0.088293545
0.0062087607
-0.03796815
-0.21208297
-0.16061167
0.102756396
0.11622728
-0.107942894
-0.07842222
-0.032748986
-0.11871675
0.19236004
-0.027651453
0.03695951
-0.14976428
0.068152845
0.11401825
0.19207425
0.12635495
0.03224282
-0.08338263
0.15617706
0.07293577
0.048444767
0.10935819
-0.037699446
-0.14516957
-0.12804471
-0.108692534
-0.007311076
0.00072315877
0.032526474
0.10447564
-0.13337576
-0.12403208
0.07335021
0.16605948
0.0062461277
-0.010218902
0.19691299
-0.006594701
0.12326241
-0.059620827
0.09836338
0.07522809
0.024151364
-0.15965511
0.025567515
0.033490863
0.11744614
0.09828093
-0.20044743
0.07231386
-0.07656652
-0.10886399
-0.08606465
0.05424358
0.033354923
-0.05634716
0.15672456
0.11882071
-0.13285412
0.04683078
-0.10291581
0.06544626
0.049844313
-0.08642835
0.11611407
-0.12568921
0.08754044
-0.026550919
0.06307525
-0.0054686964
0.035295106
-0.043627974
0.06313387
0.02896084
-0.019318437
0.045892205
0.0996488
-0.055263247
0.06843493
-0.05765808
0.1327214
-0.14626583
-0.095872
0.19266933
-0.02840776
0.14531282
-0.15408689
0.12976654
0.07038523
0.1606725
0.030538546
0.15901741
0.062756695
0.066793524
-0.038383394
-0.07173348
-0.010871896
0.033416968
-0.056066997
-0.09806564
-0.030972363
0.1063198
0.11181897
0.16654687
0.07743084
0.03700084
0.08369548
0.07715418
0.072253235
-0.14172535
-0.023745067
0.12273329
-0.09508008
0.0065234294
-0.1120429
-0.10666712
-0.040075526
0.089821056
-0.06466865
-0.17436591
0.043323744
-0.21739742
0.022679813
0.13413034
0.020781416
-0.021063423
-0.05872754
0.09134982
-0.21022713
-0.051379666
-0.16070513
0.035275996
-0.28433806
-0.008022719
0.025224222
0.2248541
-0.02070334
-0.21266475
-0.0893206
0.06371572
0.019249748
-0.18963328
0.0012644731
0.12950125
-0.046897452
-0.15587664
0.08358597
-0.22168307
-0.17378144
0.07191259
0.12760182
-0.07336296
-0.019283265
-0.022806669
-0.14874421
0.051760998
0.09624288
-0.13245668
0.043823354
-0.055551372
-0.08072502
0.021812895
-0.06600135
-0.07478802
0.010247935
-0.038191848
-0.19109967
-0.060458977
-0.13137352
-0.17134069
0.079173975
-0.15334468
0.032557543
0.09242982
0.116395034
0.054902427
-0.18451026
0.052612588
-0.038584307
0.20161763
-0.019827757
0.005316423
-0.13454069
0.02584758
0.04401831
-0.064795695
0.18423691
-0.10808859
-0.011027698
0.22276102
-0.06664296
-0.07439683
0.03844843
-0.19165397
0.014415084
-0.1682311
0.028617563
0.08110433
0.14643048
-0.14274354
0.012628705
0.068314455
0.19353932
-0.03713192
0.039442103
0.00010106568
0.08882721
-0.14414555
-0.051057436
-0.007137435
0.08189895
0.17135431
-0.07518508
0.13820048
0.0082230205
0.12105019
0.119089544
-0.02196176
0.0098647
0.114786975
-0.10248088
-0.10677893
-0.038247935
-0.10707622
-0.112313166
0.029671695
0.07433356
0.11924821
-0.10111194
0.27817768
-0.06779774
-0.1609253
0.11489575
-0.11380131
-0.19117822
-0.14934348
0.016967604
-0.011630051
0.014687306
-0.120603316
0.07705293
-0.15691958
0.12677349
-0.08250503
0.041647114
0.005152406
0.08820656
-0.06402705
-0.034956366
0.054670967
-0.08113358
-0.0066567585
-0.09651129
0.103168644
0.001217525
0.10670388
0.024712455
-0.090673804
-0.06501719
0.023219407
0.04540725
0.14740634
-0.0058931317
0.039787624
0.008821
0.01286471
0.047235366
-0.10513729
0.09959485
0.18900993
-0.006678946
-0.06597318
-0.120144755
0.1701329
-0.022429945
-0.11723333
-0.10017232
0.025806354
0.103336915
-0.07775156
-0.037959795
0.09918507
-0.14334232
0.14991166
-0.13661267
0.08929596
-0.15023439
0.15457709
-0.099085286
-0.084984064
0.011398288
0.08402362
0.08662141
-0.1766058
-0.13410419
0.27930492
-0.04699926
0.07608185
0.06325042
-0.065909036
-0.19679202
0.12440784
-0.0942323
0.06448437
-0.14289044
0.13930841
0.042411402
-0.05732363
-0.030213593
0.06559107
-0.23131622
-0.11543115
0.072953194
-0.12294264
-0.22154114
0.1774096
0.14028634
-0.20414272
0.07750159
0.11561566
-0.12898648
0.0068881246
-0.10458571
0.10619234
-0.05260888
-0.016933745
-0.001579006
0.04919009
-0.038206708
-0.08522472
-0.0547251
0.11572104
-0.12981859
-0.12014233
-0.0418059
-0.039883703
-0.1557965
-0.030355062
-0.07933312
-0.07613212
0.01179736
0.06298212
0.06259279
0.14630882
-0.07313733
0.19325541
0.113463335
-0.09054203
-0.019809734
-0.08166076
0.013314313
0.13330552
-0.14685984
-0.2234681
0.1562449
0.026255839
0.2877552
0.05703717
-0.00047795422
-0.1594612
0.098222196
0.084286325
0.1004411
-0.07860049
-0.024243006
0.089710064
0.14396143
-0.091078654
0.14143701
0.012109558
0.14654498
0.0020240548
0.023527915
-0.12390221
-0.008776125
0.18361937
0.05366739
0.04628937
0.03563918
-0.098281406
-0.00016460186
0.024175597
0.13464144
-0.04940153
0.117428474
0.016922545
0.041995008
0.06419468
0.07694616
-0.08340892
0.013931342
-0.0475944
-0.0046443706
0.14916064
0.13562743
-0.10224098
0.06159547
-0.04693948
0.13081211
-0.05660098
0.13080178
-0.07809625
0.012216186
0.10339659
-0.009624761
0.07495976
-0.15359539
0.0636309
-0.019047987
-0.08407379
-0.0736131
0.09641124
-0.040783856
0.0026632308
0.067444876
0.053371646
-0.02766464
0.029777864
0.031899083
-0.12843318
0.08818975
0.105181344
-0.0021709849
-0.09445676
0.09482674
-0.0036716321
0.07826163
-0.09779246
-0.10803715
0.054424863
-0.09073347
0.0131636625
0.069503866
-0.13224666
-0.031152124
-0.15550491
-0.024182307
-0.06512361
0.0557973
0.04945321
-0.041255858
-0.04923872
-0.10588896
-0.07013994
-0.00748505
-0.12135609
0.117685325
-0.053944837
0.09590051
-0.15606375
0.044856787
-0.11431969
-0.13436311
-0.010069213
-0.11249152
0.14042346
0.025853224
-0.088744074
-0.022073835
0.06890237
-0.09665617
-0.02598768
0.11424419
0.042850155
0.15705405
0.04050703
0.18534596
-0.062419333
-0.03156687
0.03600734
0.12632287
0.09350777
0.12626387
-0.067461
-0.06586504
0.054807004
0.02605691
-0.118840165
0.018906265
0.009829746
0.038990475
0.037939347
0.012776403
0.10237132
-0.00659675
0.013846322
0.16114497
-0.10023306
-0.06709489
0.07821531
0.019448861
0.06447038
0.13340245
-0.08098367
-0.11727486
0.01605742
0.06894505
0.11528568
-0.11928217
-0.03815916
0.19618125
0.06376014
-0.010886641
-0.015719995
0.09261255
0.19752954
-0.025333332
0.09561015
-0.07484919
0.19039094
0.033475295
-0.11881695
0.074878044
-0.13066377
-0.093016274
-0.21366252
0.15424737
0.16570088
-0.04810392
-0.18127953
0.27305004
-0.01562762
-0.12505361
-0.23264931
0.03164451
0.08911203
0.02161067
-0.0046937065
0.10202778
-0.062306006
0.0043610744
-0.13211621
0.119047284
-0.21302071
0.054552734
0.11310358
0.0644791
0.024431935
0.014612393
0.033086024
-0.109688796
-0.17081921
-0.01509316
0.03981171
-0.14937013
0.017049942
-0.114497945
0.09526117
-0.21632469
-0.12340004
-0.14919987
0.025964458
0.022045232
0.023597753
-0.020681316
0.21221076
-0.002171737
-0.2116726
0.024400488
-0.09701558
-0.0009985464
0.064987086
0.096085876
-0.064076304
-0.10036869
0.032282736
0.07667135
-0.16938318
-0.061120316
-0.1190673
-0.1010282
0.057811663
0.13220029
0.16958843
-0.068275645
0.08293575
-0.13851357
0.11591251
-0.14854686
0.05114979
-0.09658325
0.0005396163
-0.09351251
0.08219178
0.0800671
-0.0031968052
0.09295719
-0.11733284
0.013526477
-0.037257683
-0.046313286
-0.015776183
-0.011692987
-0.069101594
0.027995788
0.058324236
-0.027809888
-0.100404434
0.14108117
0.11042866
0.116386294
-0.18483058
-0.10850996
-0.029334284
0.01740905
0.058820873
-0.087526396
0.24317154
0.05805669
-0.066792615
-0.055703897
0.039714277
-0.12082921
-0.024246933
0.016801199
0.22253029
0.0139660705
-0.11290455
-0.14040415
-0.18754584
0.021915019
0.017508516
-0.04939262
0.075221576
-0.110645935
0.014411775
-0.0014587657
-0.19327848
0.008152937
0.27994347
0.107949875
0.06176514
0.13795158
-0.048681833
0.10821906
-0.10463002
-0.07006818
0.0029763232
-0.106680855
-9.410731e-05
-0.10439656
-0.02200331
-0.29770127
0.037029188
-0.07924188
-0.0058214394
0.09356888
0.020657454
-0.042360704
-0.12312179
-0.0040930365
0.019108566
0.10276065
-0.22156075
0.05259233
0.09289054
0.16917773
-0.01792127
-0.089964524
-0.061907142
-0.110602796
0.09582116
0.12930621
-0.12175627
-0.15154172
-0.05823866
0.09195694
-0.01699275
-0.016734859
-0.06246236
0.098638676
0.06907994
0.005024529
-0.024630615
0.076662734
-0.07448256
0.014335889
0.2310773
0.017219463
0.0056519564
0.08277985
-0.08178663
-0.020115977
-0.05821823
-0.15508063
0.04870717
-0.118262276
-0.111789994
0.051777963
-0.030532544
-0.11004724
0.066613175
-0.06879329
0.005781233
-0.016373642
0.12914945
0.0038736842
-0.18126088
0.14124934
0.058768846
-0.06969531
0.18670936
-0.020676294
-0.14650877
0.023330798
0.25278354
0.1086901
-0.047253307
-0.17185205
0.1002832
-0.12558706
0.07267024
-0.05381424
0.039134316
-0.0125530595
0.062808916
0.15850784
0.013251348
-0.10160067
0.017583165
0.09108414
0.11451644
0.010018754
0.04715432
0.052641608
0.020452015
0.10388933
-0.06844663
-0.2175299
-0.0619145
0.013483157
-0.015116526
0.09450497
-0.027926732
-0.1802592
-0.15331301
-0.22373846
-0.092136934
0.05147244
0.059959948
-0.039288595
-0.007266444
-0.037431687
-0.08026474
0.26213288
0.057302214
0.014629229
-0.062270615
0.19718154
-0.05040673
-0.014720916
-0.009604662
0.09009499
-0.185092
0.10463285
-0.107182935
0.07716173
0.02957693
0.057269033
0.092558324
0.07658657
-0.08420486
-0.02370384
-0.112195686
0.122665666
0.047904488
0.102846794
-0.092379704
-0.12363165
0.0684153
0.048578907
0.18376096
0.14274956
-0.04178656
-0.009602116
0.05558959
0.07818202
-0.036526773
0.033545107
0.068745345
0.18368666
-0.06922804
-0.1332802
0.073152944
0.11866681
-0.1790987
0.23950584
0.09675291
-0.09621574
-0.0061894995
0.020832188
0.013324439
-0.17253952
-0.07599361
-0.009517056
0.13240512
0.08841355
-0.03646966
-0.1537196
0.15035675
0.017451968
-0.02806265
-0.102132365
0.019574936
0.024867224
-0.08093594
0.123640135
0.2964099
0.20844735
-0.04235747
-0.12501548
-0.035730112
-0.09266575
-0.06485186
0.05986676
0.24274424
0.0015797481
0.06389526
0.15820119
-0.1484
0.057886858
0.25353432
0.09234527
0.009130993
0.12274935
-0.061792713
0.0326602
0.1521097
-0.14172213
-0.036290158
-0.08351876
-0.036918085
0.017830677
-0.16798598
-0.16074798
-0.0065569286
0.19447106
-0.114545174
-0.13861825
-0.07095532
0.043876726
-0.06546701
-0.12680608
0.0010356964
0.032723393
0.032142684
-0.1756951
-0.100065045
0.08625151
0.05417174
-0.12943631
0.088534296
0.0354936
-0.19233085
-0.15052988
0.05400948
0.15787049
-0.14490572
0.054721024
-0.0045752614
0.037625454
0.12959035
0.0134402355
0.19363801
-0.021664148
0.17160556
-0.00095841347
0.053570148
-0.09918321
-0.1188576
0.113691464
0.09404841
-0.010791434
0.06833492
0.13728282
0.050854422
0.029015891
0.040860355
-0.13504769
-0.05369302
-6.0701605e-05
0.12346017
0.049291044
0.05543385
-0.19506718
-0.09374487
0.18037973
0.09141304
-0.2381778
-0.05203085
0.010230043
-0.051653262
-0.15802912
0.07634081
-0.042668063
-0.0999765
0.00031257333
0.04038505
0.049369432
0.037319764
0.017233863
-0.17358945
0.0130203
0.026600935
-0.22748864
0.06470732
0.04842946
-0.10184164
-0.11351431
0.020730756
0.1178934
0.078934304
-0.11675751
0.13380115
-0.06317521
-0.0039241323
0.14585394
-0.22478598
-0.18254267
-0.121897414
0.19484632
-0.079783835
-0.1443686
-0.051325154
-0.08585518
-0.061348073
0.12795393
0.061636314
0.16704707
0.06805023
0.036070447
0.0760223
-0.18618731
-0.074604444
-0.03700388
0.046210766
-0.00214464
-0.07154064
0.020225443
0.180596
-0.027182536
-0.078908786
0.0070423563
0.034171827
0.01925952
0.20134753
-0.10099961
-0.17562567
0.13119797
0.050783046
-0.047841176
0.028595531
-0.0665261
-0.02040988
0.15458578
0.05669472
0.10669674
-0.004957486
-0.06798663
-0.12382819
-0.092066765
-0.07979992
0.069957286
-0.16253802
0.11246874
0.08269032
-0.071636304
-0.20440675
0.026893992
-0.11408169
0.0884529
-0.103946894
-0.1703161
0.07317571
0.09756097
-0.058304995
-0.17230566
0.17392275
-0.1340206
0.062891774
-0.0032450457
-0.22033595
-0.08093785
0.061589867
0.041455127
0.09869938
0.008111868
0.11278065
-0.04598167
0.011960748
0.04189307
-0.12500724
-0.10114128
0.059224218
-0.10926257
-0.044844616
-0.04521638
0.011338986
-0.026308754
0.1415664
-0.17611118
-0.0716081
0.012307341
-0.07937216
0.17874794
0.009277868
-0.07015789
-0.04968686
-0.07522245
-0.063270755
0.040155623
0.033385202
0.05159643
0.19032009
-0.06701091
0.036863096
0.020977732
-0.21229015
-0.057866678
0.027328987
0.13494742
-0.014526794
0.13807546
0.09287901
-0.03654781
0.12327631
-0.027021773
0.14869702
-0.03275292
0.0746515
0.088962026
0.10122257
-0.08206464
0.18720883
-0.021274233
-0.11785507
0.23186548
0.060213894
-0.12442425
0.06914725
0.015852962
0.09661261
0.03442334
-0.022342889
-0.08202718
0.060560133
-0.10128894
0.10815754
-0.07817092
0.052779336
-0.16614796
0.079631016
-0.19604482
0.04163094
-0.15637778
0.0846217
0.117365964
0.022756787
-0.14777173
-0.18854213
-0.08998285
-0.08500437
0.054425143
-0.051826112
-0.039777435
0.06737732
-0.08109497
0.05047188
-0.045876496
-0.17047197
-0.02692832
-0.21486834
-0.18960334
-0.048619542
0.0016993552
-0.16794777
0.06643095
-0.04311439
-0.12755491
0.043992642
0.06995205
-0.035036948
0.012254664
-0.03042205
0.106487475
-0.05140381
0.12461069
-0.07471471
-0.031410374
-0.108309686
0.09856391
0.06924341
-0.086610764
0.012614763
0.08071135
0.09401066
-0.088431545
-0.15491413
0.027558878
-0.0037359225
-0.010410149
0.00979127
0.06941514
0.012390317
0.13950759
-0.21347016
-0.09568682
-0.15317948
-0.023892596
0.07769312
-0.052910075
-0.0041368324
-0.021620037
0.12792104
0.032603513
0.062295552
0.18491575
0.2110138
0.044166833
-0.026572824
-0.06979391
-0.049098086
-0.20446293
0.0081108585
-0.16435847
-0.03171675
0.24630015
-0.17071912
0.06932582
0.060044136
-0.023732807
-0.021096759
-0.06568758
-0.17901339
0.054144904
-0.015878154
0.12021397
0.020209657
-0.033923976
0.046325784
-0.0027429643
0.07552469
-0.0035177595
-0.113720275
0.032038867
-0.079031
-0.2126756
-0.006854977
0.046583984
0.053362444
-0.1273039
-0.07643131
0.0187806
-0.04392333
-0.25029284
-0.09042571
-0.18193257
-0.009865575
0.02051325
-0.017493652
0.18015975
-0.17085592
-0.057572145
0.15265024
0.0754414
-0.17034163
0.009756085
0.12208661
0.08362198
-0.15630576
-0.19230615
-0.10031997
0.14226364
-0.18241738
0.21273215
0.08867305
-0.13856308
0.06349881
0.028563855
-0.109091066
-0.029063806
0.05214196
-0.074612014
-0.15361391
-0.10893261
-0.0058424245
-0.00060712436
0.056990374
0.0053778263
-0.047336888
-0.17672713
-0.11841778
-0.0658543
-0.093331784
-0.025104988
-0.14483307
0.06769769
-0.07683171
0.083595514
-0.1069482
-0.01734083
0.0087888185
0.05446716
0.011291992
-0.12571353
-0.18588834
-0.1515935
0.018165682
0.09318878
0.19595182
-0.07613926
0.15333837
-0.0067550903
0.06750439
-0.14740871
0.2306985
-0.15391004
0.11947612
0.0148396455
0.032557394
0.18538661
0.068602294
0.076265156
0.13212733
0.16873695
-0.14189076
0.04910094
-0.055414166
-0.05376072
-0.007599989
0.08536395
0.22348596
0.0679871
-0.061414078
0.19644469
-0.1518127
-0.0043007187
-0.09144438
-0.04898851
0.0017421925
0.15756501
0.007463923
-0.011173847
-0.101253785
0.07257577
-0.031569004
0.10283137
-0.01692668
0.08995662
-0.19809788
-0.14610296
0.13079213
-0.18162233
0.0761866
-0.094599694
-0.12738353
-0.018362574
-0.13906938
0.0426412
-0.06406959
0.16621247
0.13628738
-0.038953982
0.009269088
0.23842233
-0.044537432
-0.065663375
-0.12515408
-0.010114957
-0.05932382
0.18180588
0.070190795
-0.097617425
-0.021635761
0.20838486
-0.11814705
-0.023396987
-0.055642307
-0.09340296
0.090200864
0.01059127
0.0036302756
0.15240572
-0.034538355
-0.061847333
0.17059448
-0.11521386
0.038431205
0.04963983
0.072225556
-0.104302816
0.06862199
0.1762171
0.05481342
0.028313458
0.06856681
0.07539238
-0.029915158
-0.022364164
-0.12356254
-0.044619694
0.020719511
0.08871433
0.059756473
-0.008628333
0.053074326
-0.0690791
-0.041622076
0.013007075
0.11582327
-0.006463652
0.007546151
0.072990656
0.15161459
0.07024876
0.021685569
0.027767677
-0.17985956
0.1666356
-0.05430798
-0.14499049
0.216662
0.13355169
-0.2941291
-0.0006952423
0.05978221
0.005614527
0.15466148
-0.06410552
0.08118959
-0.010694723
-0.069248445
0.079886235
-0.016524715
0.03403845
-0.14212108
0.09172092
0.14821428
0.005257103
0.10984051
-0.15067047
0.007372884
0.086791165
-0.118316844
-0.043574564
-0.016201932
-0.20239757
-0.21311009
-0.09086082
-0.19176015
-0.13884439
0.02700414
-0.16148709
0.05794442
-0.09737927
0.070741996
-0.19831121
-0.034296006
0.11875866
-0.054797355
-0.05689998
-0.11898545
-0.017242536
0.11763464
-0.081697024
-0.030545168
-0.053542044
0.11282046
0.019148434
0.20273733
0.12819108
0.075788304
0.0553306
-0.03714875
0.14141956
0.072135605
-0.038973812
-0.05538243
0.02492589
0.14043091
0.11898744
0.05860558
0.11307106
-0.021195691
-0.04751454
-0.07342264
-0.08550209
0.12928382
0.15778019
0.13949734
-0.022466838
-0.016127666
0.007714063
0.11414246
0.02893479
0.019871509
-0.015862059
-0.0771706
0.052325916
0.14619395
0.041488014
-0.13642056
0.09453849
0.10744168
-0.0052074767
0.0405743
-0.004286142
-0.085590035
-0.067744255
0.057834733
0.0863603
-0.21566194
0.058173973
0.061758444
0.060085054
0.00060007133
-0.041238766
0.048504826
0.021533549
-0.01973027
-0.17388181
-0.11471889
0.14118008
-0.08029944
-0.0610877
0.10074983
-0.0651023
-0.120093025
0.085205324
0.023754744
0.075976044
-0.027447902
0.03472206
-0.02240478
0.008468931
-0.022768486
-0.10089566
-0.028695235
0.05859974
0.059087273
0.18980674
0.11032311
-0.17034607
0.032154538
-0.03758229
0.07860894
0.003659015
0.05326063
-0.05745685
-0.02478429
-0.11145153
0.1973671
-0.17619
-0.050412532
0.05820601
0.070252374
-0.09669148
0.0602636
-0.05309913
-0.08580764
-0.059747953
0.03534232
-0.102001935
0.007507425
-0.024522336
-0.12681338
-0.20877765
-0.0812349
-0.13650599
-0.0022154215
0.020581841
-0.18628651
0.026773868
0.12671176
-0.05334753
-0.010745577
0.14209683
-0.06739337
-0.18700671
-0.18887964
0.093349546
0.0043694936
-0.04263706
-0.026570035
-0.07403148
0.03653902
0.015793595
0.013498018
-0.045209624
-0.019580832
-0.05614782
0.04478522
-0.073466554
-0.08722651
0.07899862
0.109746404
0.02523609
0.040257942
0.12694088
0.15326375
-0.07729572
0.06764158
0.039720945
0.12111365
0.09596102
-0.07717045
-0.022471022
0.15232903
-0.07635631
-0.1588077
0.096902624
-0.05473177
0.10150924
-0.025855541
0.019499516
-0.16081953
0.12987894
-0.032026332
-0.038340032
0.00020705548
-0.08731384
-0.07617666
-0.014821465
-0.03881471
-0.019270228
-0.085356936
-0.0062262407
-0.08972159
-0.054562736
-0.16720016
0.14440182
-0.08302898
-0.025738878
0.08324132
0.013713997
-0.012510987
0.0390509
0.15392594
-0.040031623
-0.001518656
-0.09749479
0.15301108
-0.033415474
0.04667759
0.16630779
-0.09110463
-0.14989278
-0.07874347
-0.088781625
-0.043648425
0.009169178
0.012405796
-0.09067627
-0.0799208
0.14579976
0.055759784
-0.06673385
0.043576162
0.16716318
0.16162746
-0.03091183
0.1149649
-0.013348595
0.029059181
-0.11066009
-0.014993002
-0.025869012
-0.10378856
-0.20975688
0.11628453
-0.058890536
0.0146735525
-0.07504564
-0.10464237
-0.06323104
-0.18825608
-0.042454608
0.050222885
-0.019254215
0.15238917
-0.17635141
-0.01679017
0.020740638
0.014600916
-0.09079396
-0.006239816
-0.0330507
0.124041855
-0.05159641
0.09235555
-0.1738424
-0.18747824
-0.010204857
0.11410361
0.16914368
-0.11785618
0.062999785
0.043013025
0.011811727
0.080029614
0.118615374
0.022015017
-0.08702036
0.10272465
-0.09955905
-0.08612609
0.07629654
-0.037796587
0.08401342
0.088945076
-0.028180063
0.023579037
0.083641246
-0.15204301
0.1859974
0.006636006
-0.056239404
-0.036133546
-0.119941
0.10864024
0.016747002
-0.04852012
0.006564356
0.05776095
0.015030702
0.07980669
-0.15090938
-0.122158006
0.11057958
0.10311597
-0.069388
0.021625735
0.02489055
-0.11112532
-0.008172411
0.028428093
-0.14935534
0.0518867
0.16437957
0.14156212
0.0073851403
0.021909019
-0.07402738
0.0040646563
0.15800858
-0.13830107
0.061376125
0.12359975
0.08119386
0.0030677454
0.008237144
0.036274884
0.019663652
-0.12675335
0.25042206
-0.10081987
0.020759739
-0.075213045
0.0038266308
0.015056265
0.22073866
0.036680225
0.1477722
-0.053121194
0.013004595
-0.17551796
-0.13025278
0.10517949
-0.17381632
-0.026000423
-0.04617969
0.18224561
0.1110642
-0.20055744
-0.01706681
0.044738162
0.14459269
-0.23456207
-0.20329759
0.052048743
-0.068789974
0.0027219648
-0.07011534
-0.19986662
0.015654996
-0.11285638
0.14747696
-0.12436535
-0.07925041
-0.06569021
0.13612513
-0.05413671
-0.1133714
-0.08319021
0.03962738
-0.13751417
0.123943105
-0.09708551
0.07653782
0.0036178234
0.04799555
0.07478442
-0.21845135
-0.05765358
-0.064877786
-0.13501558
-0.012590118
0.0071704625
-0.11974386
0.07440841
0.11117365
0.039918866
0.050432984
0.00380911
0.06767706
0.19329831
-0.05738325
-0.19378853
-0.03817247
-0.15304661
0.18066756
0.031143378
-0.05297114
-0.10362192
-0.003988123
-0.09642341
0.090006664
-0.09450801
0.017803617
-0.028614076
-0.011914662
0.08752038
-0.014592883
0.092591256
0.13698696
-0.063757665
-0.0728504
0.06104662
0.057230785
0.005253428
-0.04825696
0.05088805
0.1383624
-0.003382306
-0.0034618098
-0.057440937
0.025154179
0.058592543
0.069118984
0.23822224
0.07861683
0.1471765
0.16819865
-0.108199306
0.1465591
-0.134937
0.103866085
0.1420908
-0.011092122
0.10969292
0.06766548
0.052090254
-0.15733379
0.116340876
0.112814635
0.19367228
0.098575264
-0.031260107
-0.015006921
-0.12587279
-0.20857742
0.029276391
0.072182946
0.15863016
-0.21083643
0.18630542
0.13312498
0.04557782
-0.07063662
0.121356755
0.05213372
0.053069487
0.06841319
0.06024443
0.08020543
0.115802094
-0.05257307
-0.118089825
-0.0012200836
0.02686599
0.08457977
-0.009457106
0.06563739
0.07630196
-0.09783389
-0.013689864
0.13101174
0.16259532
0.115795486
-0.14601845
0.07220942
0.0950861
-0.026760418
0.010268275
0.08513014
-0.084564656
-0.032503344
-0.015452618
0.00058650156
0.00035883603
-0.06548857
0.18917389
0.19009767
0.1887327
-0.0011162863
0.08202161
-0.0096630575
0.14134169
-0.01773846
-0.0822775
-0.017806314
0.07680487
-0.07901486
0.08331585
-0.023857044
-0.1521789
-0.0963127
0.04198223
-0.06408726
0.09112574
0.060532764
-0.056865104
-0.030353427
0.24936308
0.11173279
-0.0010925247
0.117687516
-0.010954144
0.06359606
-0.0743033
-0.03886315
-0.037700463
0.11763643
0.031413015
-0.028295621
-0.07921766
-0.0524909
-0.091480546
0.066136524
-0.14706028
0.017903838
-0.04639861
-0.2003954
0.12710635
-0.09398294
0.1094277
-0.036833193
-0.10323246
0.052352354
0.026105307
-0.06928408
-0.13102064
-0.15500437
-0.029337304
0.0649223
-0.09356151
-0.07794355
0.11402535
-0.12198992
0.0009998683
-0.14010707
-0.0071597914
-0.09498076
-0.0017132022
-0.14588748
0.11374629
-0.09929936
-0.04463717
0.0110880425
0.06483899
-0.0982121
0.25870395
0.04347665
-0.098763175
-0.0048977467
-0.03654449
-0.046049245
0.032164786
0.15199265
-0.043040592
-0.1703532
0.18764251
0.124597184
0.033259444
-0.028661776
-0.15484333
-0.014472248
0.04134904
-0.025708891
0.09165228
0.18855415
0.112288326
-0.008046265
0.22024505
0.07660189
0.1297039
-0.12995233
0.17988215
-0.026228154
-0.06389514
0.1924558
-0.110996544
0.02152741
0.11959954
-0.08567751
0.1342692
-0.017896518
-0.11917996
0.16161743
0.16129307
0.00497034
-0.06144682
0.14530624
-0.08326668
0.20649143
-0.13046373
-0.072096035
-0.034115043
-0.22063768
0.014050974
0.02262037
-0.10443252
0.11979257
-0.10502115
0.077518575
0.026723422
0.097086556
-0.086080566
0.16037266
0.15770172
0.1407134
0.090795696
0.07059307
0.22700979
0.056823593
0.022679877
0.10204425
-0.014626998
-0.0136850495
-0.004755455
0.043556366
0.13062546
-0.055918373
-0.1865712
-0.012865265
-0.01839313
0.016545808
0.06252861
0.076719046
0.016454913
0.095109366
-0.045721665
0.19407652
0.0857335
-0.188207
0.051140282
-0.06802174
0.059682623
0.17032586
-0.19451755
0.059254795
-0.047016706
0.013029187
0.15136085
0.028052201
-0.054471426
0.035885617
-0.026004465
-0.16800135
-0.047694147
-0.19480973
-0.068913
-0.079610005
-0.014143036
-0.050630406
0.029592847
-0.03426388
-0.0038210368
-0.080441006
-0.09916015
-0.1478905
-0.14528802
0.008883871
-0.18083508
0.014801384
0.059446078
0.06732619
0.09852443
-0.07050337
-0.2179678
-0.17938183
0.087120615
0.059607144
-0.05207293
-0.043816946
-0.09416845
-0.04324786
0.04171634
0.044269703
-0.04000201
0.07919037
0.13782915
0.052932773
-0.08181263
-0.04285762
-0.05490967
-0.06502712
-0.039681796
-0.15563338
-0.061310336
-0.1258067
0.16207671
0.07839439
0.14985074
-0.06809951
-0.036547467
0.051441148
0.025260227
-0.042312812
0.0680676
0.14942466
0.13276537
0.11290067
0.043689948
0.16510497
0.09410897
-0.046593063
0.061358448
-0.12346996
-0.06324927
0.1706124
0.06540393
-0.105259694
-0.24138483
0.08631624
0.0061291666
0.06418672
-0.04621656
0.080957316
0.11150324
-0.084639385
0.183243
0.1312265
-0.037023783
0.17474605
-0.05792123
0.014950072
-0.1054383
0.06141618
0.08607983
0.0547287
0.08757617
0.01586282
-0.06571818
-0.07755063
-0.09347964
-0.09731807
-0.056023385
0.011693672
-0.002902617
0.16542928
0.06168488
0.053016566
-0.086209506
0.072041444
0.12931433
0.007626524
0.00038048948
-0.009233173
-0.0024750072
-0.014037636
0.1890746
-0.026211843
-0.019299114
-0.25128463
-0.055692755
-0.09426768
-0.07011133
0.04493558
-0.05714677
-0.17583743
0.0023106944
-0.17583866
0.027777042
-0.008949531
-0.1390269
-0.1272662
-0.19180906
0.105500646
0.030618533
-0.1473033
0.035419464
-0.07408209
-0.019694768
-0.06914783
-0.05645078
0.21048786
0.20829134
0.07405311
0.06406151
-0.08555312
-0.16232768
0.1401289
0.13793126
-0.17710619
0.09647623
-0.0049334113
0.23213202
-0.0027604396
0.046547778
-0.08227253
0.11880856
0.10183166
-0.028246682
-0.028139558
0.054189503
-0.1099832
-0.1588447
-0.035628047
0.048635654
-0.08263322
0.07225398
0.05842886
-0.15919665
0.124373145
0.1062456
-0.10146052
-0.10475505
0.2176613
0.0879953
0.06158933
-0.13174981
0.020378897
0.08795166
-0.022638151
0.17008075
-0.11901683
-0.0041626403
0.11008183
0.1045783
0.11459148
0.16035701
0.061580155
-0.07977539
-0.1491876
0.12729914
0.0586194
0.0067742686
0.11596645
0.09339077
0.22519656
-0.14053409
-0.004132523
-0.0038300666
-0.07568378
0.10572596
0.12160563
-0.06861031
-0.06775314
-0.1463102
0.11789503
0.08166538
0.16853997
-0.12027954
0.018632753
0.032339726
-0.027008887
0.0513126
-0.032096654
-0.06666792
-0.1309462
-0.046948437
0.11867571
0.23927343
0.10014542
-0.02320673
-0.06700702
-0.04892598
0.25231257
-0.067243285
-0.034633998
0.062102407
0.22581267
-0.0036971325
0.048793748
-0.055559848
0.001532661
0.077291235
0.06249021
-0.14317484
0.10498817
-0.05721371
-0.19774161
0.02013945
0.021533823
0.007433718
0.04530987
0.054314684
0.021845726
0.092580914
-0.11832461
-0.1040913
0.16185035
-0.15225542
-0.12474216
0.056651615
0.0648748
-0.074886374
-0.15356523
-0.055564534
0.04857111
0.022633655
-0.020234633
-0.0032449877
-0.05743333
-0.050727647
0.042435165
0.111653365
-0.06172914
-0.10979949
-0.03700427
0.01699114
0.019184005
-0.2102864
0.017232979
0.10515212
-0.043181054
-0.005437722
0.05383605
-0.10060771
0.112251095
-0.07853416
0.037623573
-0.015815835
-0.041360594
-0.15024431
0.06710769
-0.0632522
-0.20642923
-0.10092577
-0.052704275
0.19079338
-0.27617267
0.038474645
0.033861768
0.08047984
-0.09356263
0.1309533
0.04409952
-0.10580423
-0.1133531
0.035685472
-0.044693105
0.03619368
0.06460981
-0.08547987
0.29091075
-0.037823606
0.09945747
0.17568311
-0.089601584
-0.09666718
0.07662872
0.06938631
-0.12629949
0.17227222
-0.14844142
0.017330345
0.05030506
-0.0841843
-0.05019814
0.15163833
-0.013605781
0.2343471
0.08237559
-0.07105572
-0.05275777
0.040857386
0.24178052
-0.050699454
0.0841549
-0.010606847
-0.006287306
0.0030488013
-0.10820449
0.1714707
0.048502542
-0.13861
0.18971945
0.099449985
0.0381426
-0.19574961
0.12837437
-0.1541557
0.021217752
0.15067494
0.10354919
0.13753116
-0.14757705
0.22618192
-0.05179597
0.001965709
-0.20278615
0.074824564
0.027396124
0.17826544
-0.07592297
-0.06621753
-0.0224093
-0.11163945
0.050755695
0.0759135
0.12827742
0.013110576
0.08529678
-0.23301855
0.009061858
0.13187921
0.075104974
-0.101825945
-0.17289639
0.022759642
0.03475808
-0.109365
0.07229032
0.090213165
0.01504824
0.040634077
0.17424643
-0.025792196
-0.024037411
0.09495394
0.02507115
0.18746917
0.10553119
0.116633065
-0.15064315
-0.115128025
0.115089886
-0.17654195
0.034242045
0.028969947
-0.1564399
-0.05807413
0.09316627
0.0406963
0.04951408
0.014631768
0.023936272
0.00030718764
0.11928426
0.097336315
-0.13177639
0.10338716
-0.054317843
0.048136342
-0.2354878
0.021653807
-0.15880194
-0.13058981
-0.03525048
-0.17696689
-0.01988984
-0.029433288
-0.112411596
0.028501531
-0.057979994
-0.057803378
-0.05541843
-0.2625676
0.025914647
-0.16870518
-0.12314397
0.031035278
-0.0052658883
0.022449236
-0.13994135
-0.10155215
-0.015014796
0.10760992
0.12073236
-0.112949565
0.0073371283
0.02510966
0.04803992
-0.02935584
-0.07200528
-0.06743109
-0.04594146
0.015712706
-0.055133794
-0.006059482
0.08212301
0.14741457
-0.022289028
0.09035276
-0.12552816
-0.0049726246
-0.19734733
-0.037625853
-0.05766028
0.16627167
-0.038864244
-0.13876002
0.11246121
-0.033194046
0.0157961
-0.034368385
0.012421203
-0.021703377
-0.023977201
-0.13518028
-0.19521926
0.037702616
-0.19243923
-0.04727033
-0.055220462
-0.09768913
-0.11609277
0.010412862
0.03766093
-0.10038247
-0.009039532
0.14982662
-0.039150458
-0.017025141
0.07744091
-0.10382249
0.010674805
-0.023038534
0.028741894
0.08816742
0.057974163
-0.087457515
0.03292531
-0.0147479875
0.051712383
-0.07429477
-0.02266595
0.15591612
-0.07228945
0.097089
0.04488444
0.008048298
-0.20306331
-0.13304262
-0.1924579
-0.108911484
0.024767818
-0.015474879
-0.011212775
0.031390753
0.104748994
0.15808964
0.021460926
-0.04307947
0.05309084
-0.006362041
-0.031918947
0.113840036
0.051691778
-0.011049959
0.03719547
-0.08954911
-0.15510328
0.07860145
0.1529315
-0.039946806
-0.12693945
-0.074000016
-0.052202787
-0.028280146
0.021886531
0.14013621
-0.046095047
-0.025087269
0.008189362
0.09157826
0.045134436
0.04794509
0.05559978
-0.0019352041
0.14525628
-0.10216393
-0.036729842
0.063913226
-0.07511784
-0.16418235
-0.05051881
-0.08893349
0.12336066
-0.0053260615
0.1369647
0.00407654
0.046389632
0.087682985
0.1273671
-0.0703679
0.13867304
-0.13461836
-0.016300699
-0.08090307
-0.06270532
0.15773492
-0.019934122
0.17036104
-0.11371416
0.04245487
-0.11494643
-0.12684126
0.2093146
0.036941424
-0.05377348
-0.08263313
-0.07740331
-0.20901349
0.022170488
-0.08692987
-0.01443881
0.16160119
-0.10185337
0.08618202
-0.12341088
0.044985957
0.054741964
0.019588389
0.1526275
-0.06818423
-0.06503532
-0.098314285
0.13826215
-0.05231834
-0.08999742
0.060008753
-0.033893436
-0.15291798
-0.034128606
-0.1266359
-0.03142834
0.023562279
-0.16139543
-0.058525708
-0.032886144
-0.16901393
0.10049432
0.112430066
-0.008910133
0.11090161
0.04886404
0.16523778
0.07577588
0.073752046
-0.017036675
0.0406215
-0.013574658
0.061927117
-0.15990521
-0.17903452
-0.17214763
0.032549653
-0.092297144
0.22668393
-0.21566367
0.16794246
-0.05575055
0.02073506
-0.047048967
0.08932259
-0.02099238
-0.054353677
-0.12689328
-0.18118274
-0.058662616
0.039630905
-0.06664574
0.17703825
-0.025618386
-0.06315493
0.042628497
0.0032759882
0.040423673
-0.020615214
0.13867588
-0.03524058
-0.07489139
-0.020953001
0.18383212
0.037712194
0.031783316
0.040184528
0.15637477
-0.08675039
-0.030289637
-0.015178869
0.122029684
-0.18790698
-0.0752428
-0.06083271
-0.034858942
0.14901343
0.00037808117
-0.1372562
-0.19439894
-0.13379048
-0.014348708
-0.13039954
0.11478431
0.083120845
0.06983225
0.17005345
-0.070227854
-0.050192457
0.025044188
0.021036942
0.039345954
0.09436411
0.11246922
-0.00038495
-0.070933916
0.09722514
-0.06302072
0.14443098
0.065075666
-0.05416128
-0.08799586
-0.032584347
-0.016297463
0.031708106
-0.020802382
-0.04956378
0.06898302
-0.15253218
-0.10129314
-0.013719861
-0.14333504
0.047768384
-0.059022475
0.08145204
-0.098072596
-0.06787613
0.13361233
-0.009949796
0.1498288
-0.11474921
-0.13384879
0.04992693
0.049702782
-0.1426556
-0.049866106
0.2244014
0.013499049
0.05867355
0.15729858
0.22805429
-0.038643517
0.071107134
-0.0876151
-0.029308295
-0.019192489
0.0013828417
0.10146663
0.09019458
0.083529085
0.10420144
0.21428485
0.057495277
-0.027111178
0.11663658
0.1348028
-0.095108435
-0.027568385
-0.1089345
0.15140289
-0.09715042
-0.058731783
0.022896606
0.024050463
-0.1386086
0.016778164
0.13811427
-0.135827
0.1238989
-0.18074548
-0.029932039
0.28323203
0.116537936
-0.033016916
-0.003539951
0.015547559
-0.0151007
0.11857342
0.103440784
-0.1725067
0.07779903
0.18847597
-0.01411578
-0.05369121
0.09132171
0.11711069
0.03969161
0.05336956
0.08812181
-0.24440727
0.14789416
-0.14155646
0.030582795
0.06891321
0.03735386
-0.07276913
0.044487152
0.05968698
-0.12986723
0.015972901
0.02375371
-0.022350125
-0.11233648
-0.079462245
-0.20584545
0.062074758
0.21442339
0.10671764
-0.11468329
-0.002936795
-0.072765686
0.11503017
-0.14118284
0.018102454
0.041279662
0.042174496
0.11384228
0.0025750697
-0.07378237
-0.17962144
0.014878245
-0.01888539
0.0048928354
-0.004637266
0.18963444
0.052237637
-0.15926035
0.03719466
0.16583353
0.14399044
0.05727188
0.08222481
-0.11460261
0.13485388
0.0103819445
-0.10065452
0.18139581
-0.28346226
0.1376239
-0.0136999795
0.08093619
-0.18824422
0.036210787
0.06470434
0.011550389
-0.13925938
-0.16996226
0.026527941
0.09346402
-0.10105641
0.08469033
-0.04271351
-0.067083195
0.19247213
-0.11565443
0.09833478
0.10502263
0.03622313
0.036718186
-0.038897637
-0.07543494
-0.07246618
0.057416026
0.10685517
0.08284154
-0.16878769
0.061529666
0.1824192
0.06549546
0.08355303
-0.17158405
-0.17694053
0.16210039
0.08222542
0.020354683
-0.010755745
0.079419926
0.18538184
-0.08709069
-0.00090433704
-0.061128385
0.0728765
0.041877426
0.06892323
0.012077889
-0.18715699
0.024878087
0.046790063
0.028579364
0.13484281
-0.2497298
-0.070325874
0.00622304
0.14439744
0.007155439
0.078607254
-0.042964526
0.113332234
-0.018009586
-0.26942876
0.038816877
-0.13120168
-0.030103037
-0.088932894
-0.038484573
-0.06929059
0.032419622
0.115451336
-0.17893519
0.04626203
-0.11951807
0.22536898
-0.11355588
-0.13636684
0.008095583
0.072510116
0.07797989
0.014042565
0.018407958
0.13725615
-0.03503624
0.119473934
0.072507
0.03990402
-0.09890265
0.029463539
0.16600312
0.017001787
0.09085767
-0.041782014
0.07208978
0.017962899
0.07096804
0.08416406
0.14097767
0.13022557
-0.043369938
0.085222304
-0.14861116
0.05769091
0.059415933
0.20846257
0.065392576
0.14531676
0.058074795
0.09828132
-0.10417258
0.0050324057
-0.00897195
0.0050994926
-0.142201
-0.1141987
0.03580163
0.057681013
0.0066161877
-0.046143133
-0.18027711
-0.08755976
-0.05158222
-0.05738377
-0.16163862
0.112555206
-0.027984396
0.08197776
-0.108285405
-0.035792254
-0.04855997
0.07990225
-0.1834931
0.0066089015
0.05160277
0.03897073
-0.20338921
-0.07121671
0.042483583
-0.2457106
0.024732025
-0.018518995
-0.19667944
-0.123611785
-0.18158236
0.087295935
0.105523385
0.057066172
-0.0227297
-0.06324776
-0.1127205
-0.058281034
-0.121097766
0.24595048
0.15689538
-0.045236625
-0.054970562
0.004977009
-0.030583225
-0.0932516
0.11367763
-0.22883633
-0.18168852
-0.15289065
0.13834444
-0.09424201
0.19432993
-0.0059046247
-0.19509356
-0.21156847
-0.018852385
0.051172376
-0.050653085
-0.22098091
0.19123052
-0.08359076
0.18103077
0.11108709
0.05363273
0.0906809
0.0863713
-0.094430946
-0.03486032
0.10998634
-0.010130652
-0.029330526
-0.0427306
0.08249643
-0.09136233
-0.045823243
-0.032011442
-0.091136344
0.12273717
0.071101665
-0.11753922
-0.0033923304
-0.100277245
-0.20174415
0.17670229
-0.022983123
-0.078268975
0.027436461
0.1104239
0.14808638
0.074116245
-0.07384492
0.02301553
-0.14750437
-0.0072677378
-0.04890338
-0.080531135
0.10167646
0.14579414
-0.095336884
0.106146716
-0.067154385
-0.07075382
-0.11730797
0.01428149
0.12366801
0.005329472
0.09530744
-0.05748491
0.016459808
0.060245387
0.0834781
-0.06909371
0.07333491
0.100578666
-0.10619893
-0.16843776
-0.079301916
0.04821746
0.109270036
-0.028657205
0.11423381
0.08529515
-0.0072452803
-0.039013356
0.077899165
-0.13465685
0.03213027
-0.075575285
-0.17024098
0.1552611
-0.0354954
0.17234963
-0.050968967
-0.06424402
-0.03236842
-0.12227511
-0.03612695
0.021839874
0.027717194
0.097816125
0.033727124
-0.1834427
0.17201598
-0.0563842
0.0260532
-0.20795132
0.08206633
0.061612953
-0.07873479
0.15123886
0.092856
0.1073206
-0.22644065
-0.03828706
0.1104321
-0.05523757
-0.07733617
-0.020463798
-0.04299451
-0.022730896
0.17265181
-0.049541794
0.038156226
0.007417734
0.018101279
0.02638677
0.028769983
-0.07921708
-0.012794158
-0.16709098
-0.0030898068
0.12256733
-0.103467345
-0.18761599
0.093402915
-0.030253967
0.020817028
0.039203536
-0.051319517
0.100366496
0.037221894
-0.116018474
0.033711225
0.096458256
-0.0012425057
-0.020156894
0.08992037
-0.040823936
0.091700606
0.034793496
0.04039054
-0.08088914
0.13380237
-0.018850746
0.11725715
-0.051327992
0.21595025
0.1905881
0.1757352
-0.03017446
-0.01164936
0.06313972
0.12377028
0.090699986
-0.06170413
-0.094907805
-0.24657789
0.06908225
-0.042927
0.19135754
0.03690116
0.19628088
-0.068987235
-0.015397268
-0.02851211
0.03558007
-0.09037799
0.071695425
0.05299092
0.13967946
-0.074647665
0.016765451
-0.066464074
-0.042636562
-0.13236019
-0.0014158479
0.12336407
0.031605713
0.063635044
-0.1591859
-0.16819729
0.16888122
-0.16292848
0.029782312
-0.16545066
-0.08113488
-0.14016351
-0.041211523
0.09087028
0.24886246
-0.01302174
0.01133784
-0.087240465
0.034143955
-0.12842089
0.08006945
0.12780839
-0.08901241
-0.17161317
0.04587222
-0.0018281268
-0.012342486
0.050547794
-0.18013905
-0.057889093
0.12835678
0.067461476
-0.044186622
0.15506661
-0.07961796
0.16341452
-0.00051983463
0.18909384
0.12704742
-0.042074747
0.15598759
0.05534663
0.043052997
-0.16147256
0.117251426
-0.035398718
0.006446015
0.047322813
0.24668978
0.009150881
-0.10026473
-0.08530403
0.08934697
-0.119448915
0.07009573
0.031069815
0.04177083
0.10146035
0.12724306
0.040684503
-0.10888707
-0.04168913
-0.056344546
-0.11900004
-0.024993053
0.09314818
-0.09140148
-0.01632302
-0.11694028
0.069262825
-0.045268808
0.027014079
-0.017154872
-0.04672538
0.017382625
0.34127325
0.08024589
-0.07174523
0.23143135
0.13029225
0.11272054
0.009396739
0.02091654
-0.10714772
0.2168023
0.049264446
0.08650275
0.1574709
0.1006755
0.13742582
-0.005496592
0.20944095
0.0067416728
-0.08063919
-0.09627501
-0.12665178
0.08970213
0.060829867
-0.078567535
0.032558367
-0.13501352
0.06375169
0.15136561
0.012985443
0.09898767
-0.19479033
0.13331836
0.094609775
0.05103292
0.08816652
0.03175723
-0.24402286
-0.0053396043
0.077718765
-0.0758405
-0.045998376
0.045701206
0.005875412
0.17945924
-0.002760284
-0.10681345
0.17640632
0.0048495466
0.21839873
-0.099108525
-0.11025953
0.026584001
-0.12651458
0.026845034
0.12199792
-0.048004203
-0.008753831
-0.011864086
0.06893694
-0.10709552
0.074609384
-0.01388372
0.10434936
0.051062528
0.039800365
0.10024611
0.01366654
0.1058709
0.017168486
-0.0328918
0.04904229
0.03942226
-0.045123942
0.00938005
0.0386834
-0.09771733
-0.022578502
-0.07217914
-0.26014847
0.089982875
-0.0051543675
0.01996958
-0.07549405
0.1590653
0.13903245
-0.0020170351
0.034388106
-0.1693917
0.08275492
-0.012523145
0.064748876
-0.10644859
-0.17481036
0.1801488
0.13479294
-0.12383564
-0.012744937
0.09077465
-0.15597361
0.06626407
0.033893205
0.15884732
-0.013083829
-0.03687605
0.0859836
0.037519723
-0.019813411
0.20059572
0.12077545
-0.0806974
0.10898339
0.099184595
-0.06677681
-0.051186547
0.063544236
0.06952399
-0.11851551
-0.19333643
-0.011578692
0.029650161
-0.045942396
0.11451582
0.24364153
0.057558898
0.06334073
-0.0027789662
-0.11752614
-0.048816208
0.046997838
0.06361838
-0.07644972
-0.07222288
0.14969382
0.275918
0.076338544
0.043799575
-0.0026614948
0.13972388
0.031907286
-0.030248264
-0.11594672
0.04560294
0.08581383
0.12399377
0.15338992
0.085625395
0.052435443
0.11144557
-0.096673936
0.020555474
0.0654385
0.003758423
0.017144267
0.09556677
0.0054905103
-0.060776886
0.17228268
-0.05447636
-0.011714658
-0.019990517
-0.04656595
-0.014008844
-0.09877245
0.022776239
0.042596
-0.014501421
-0.104580194
-0.04723277
0.1031946
-0.015470795
-0.034526374
-0.041085374
0.26436064
0.0577027
-0.0031204987
0.11046278
-0.09908317
0.03540372
0.16185746
0.20266846
-0.09050232
-0.027581418
0.04550438
-0.086402476
0.026507895
0.046270814
0.027953254
-0.024704369
0.037127886
0.029225739
0.1538579
-0.04267816
0.16469456
-0.07054475
-0.027746353
0.13831756
0.1108889
-0.14739978
0.115712225
-0.04593559
-0.0476469
0.014545056
-0.052501287
0.14841771
0.23508197
-0.11493461
0.29526088
0.12036177
0.17104955
-0.16938527
0.16860478
0.11314036
-0.027066715
0.14501582
0.016761165
0.02989273
0.16880074
0.15397967
0.027678184
-0.18373057
0.09884682
0.03710737
-0.12253606
0.02625895
-0.07669166
-0.021767048
0.05499194
-0.1461666
-0.0055982233
-0.12658606
0.16163135
-0.058339074
0.1243984
-0.028687397
-0.11397621
0.069898546
-0.07505362
-0.021990461
-0.116174564
-0.045046743
0.093975715
-0.08272496
0.10162032
0.11561354
0.01840594
0.09659959
-0.07018041
-0.16999382
0.050578166
-0.03911473
0.21459019
0.15675306
0.016219404
0.13021262
0.09532236
-0.11815614
-0.14430627
0.10874374
-0.12506673
0.017609194
0.15091659
0.04182398
-0.12315234
-0.029373206
0.13082364
-0.036466483
-0.040733535
0.07561173
0.119408265
0.040673718
-0.056550447
0.012838124
0.0137185175
0.068117395
0.048653677
0.19709729
0.031051112
0.07412081
-0.10175039
-0.18461362
0.09738165
0.25026375
0.074669145
-0.09486971
0.119848594
-0.009931261
0.09857882
-0.15800315
-0.046201922
0.15680327
0.123383015
-0.028199645
0.087838046
0.08409742
-0.18142131
-0.019971982
0.117784575
-0.110920675
-0.07064048
-0.005344265
-0.03309918
-0.084592536
-0.041219994
-0.061829995
-0.16486683
0.023792498
0.09849333
0.041639473
0.0002539584
0.045627672
0.081403226
-0.1336761
0.0030584058
-0.15162338
-0.14256063
-0.115059406
0.12227599
-0.027684776
-0.06464996
-0.070350036
0.07815497
-0.05291517
-0.043835163
-0.1804427
-0.013989424
0.008272001
-0.17697296
0.07423259
0.023626586
-0.059994295
0.04754309
-0.110588074
0.22369407
-0.021137854
0.026538773
-0.087143175
0.1067378
0.033021398
0.023495268
0.06273034
-0.00559882
-0.19073705
0.07383001
0.12726864
0.11066864
-0.11710887
0.042232223
-0.06990299
-0.044667322
-0.04607143
-0.20371762
-0.07649191
-0.1984716
-0.009250479
0.020819211
-0.13819553
-0.1805026
-0.08704887
0.008099354
0.0009693531
-0.021814674
0.06163503
0.03551791
0.11789864
-0.14812107
-0.16474219
-0.004485504
-0.23570886
0.057009604
0.03369411
0.009953477
0.0019090674
0.07375512
0.086221755
-0.030357497
-0.06383334
0.01917006
-0.0723562
-0.06269693
-0.18150061
0.0547224
0.025931409
0.037966043
-0.026661001
-0.05993847
0.12900373
0.04648476
0.09904351
0.119919345
-0.06786012
0.067981735
-0.07110238
-0.061725393
0.0429193
-0.006903885
-0.09632211
0.044506744
-0.09989335
0.1570721
0.011209894
0.05854003
-0.018230772
-0.13567744
0.031509582
0.05503114
0.10726747
-0.08220156
-0.06718574
-0.02101636
0.20856068
0.06576744
0.050654985
0.04878221
0.043458953
-0.06857032
0.017126616
0.1126086
0.039553083
-0.07564434
0.0148354145
0.08792964
0.14485039
0.05415626
0.0024147828
-0.02632721
-0.021956472
0.119283006
0.15170498
0.07280519
0.0588782
0.11141425
0.08723311
-0.124225445
-0.022504214
-0.061747663
0.10326049
-0.0030976618
0.01681216
0.03751607
-0.08932188
0.10694459
-0.043049805
-0.2017892
-0.057453733
0.053006116
-0.098562434
-0.07338363
0.12862806
0.04069415
0.039082564
-0.017321704
-0.033934556
0.10120452
-0.07406747
0.15264335
0.0053398833
-0.030899791
-0.19307885
0.086038895
-0.13957241
-0.07691181
0.06296851
0.019660477
-0.04463749
-0.13766862
0.011549514
-0.07792709
