-0.16203152
0.07978391
-0.0013356404
-0.05412768
-0.061080217
0.07398588
0.1035513
-0.14398317
0.16401654
-0.10311488
-0.16151819
0.17135969
0.1826323
0.16308936
-0.05586279
-0.09065628
-0.24465203
0.089088924
0.08932068
-0.08588539
0.15911962
-0.03650753
-0.03607577
0.09315044
0.06490055
-0.041534875
0.046563525
-0.039789807
-0.028047495
-0.0650086
0.12600647
-0.010565324
0.0051531633
-0.13842663
-0.07182273
0.16675685
0.14401792
-0.25476468
-0.029241452
-0.0143749565
0.055553373
0.016947761
-0.20827124
-0.151015
0.070554286
-0.07530195
-0.077123314
0.05315096
-0.020222537
0.06111541
-0.029113151
0.10815173
0.10721513
0.09408599
-0.2789069
0.045490656
-0.2579187
-0.11555041
-0.13107274
0.044589527
-0.107797846
0.08954085
0.09235278
-0.107299834
-0.18350641
0.077007525
-0.26246276
-0.092139535
-0.22475001
0.0024820408
-0.14741865
0.0542723
-0.028114732
0.07113114
-0.10955069
-0.04654411
0.077260084
-0.045068476
0.06717202
-0.2375505
-0.13164872
0.08102022
-0.21416396
0.12478474
-0.052552238
-0.003625084
0.17684112
-0.11388327
-0.07147886
-0.14731652
-0.12473002
-0.11145395
-0.003686791
0.0423659
0.06299021
0.032629985
-0.2719874
0.05445985
-0.14494564
0.05267186
0.035083987
-0.13282968
0.07699458
-0.09144072
-0.055491414
0.04614876
0.08182708
-0.07267227
-0.08987004
0.11347329
0.052930564
-0.059386976
-0.08016092
0.05453946
0.18041733
0.07774373
-0.023798013
0.13502142
-0.19122674
0.18540601
-0.016772939
0.019491969
0.13929197
-0.08754224
-0.1411005
0.18347162
0.1313098
-0.009665236
-0.13345048
-0.079389356
-0.27958235
-0.29477975
0.13731568
-0.0071902447
-0.081866905
-0.13111337
-0.10975008
0.045724116
0.13544266
0.10475716
-0.09320804
0.11111361
-0.099371664
-0.006710647
0.14802624
-0.05067191
-0.09595325
0.10687744
0.1021884
0.1414484
0.14501369
0.06148217
-0.16820116
-0.20805746
-0.14530498
0.21493639
-0.059705157
0.19024557
-0.010642965
-0.022880781
-0.19167791
0.07116673
-0.08528823
-0.01936702
-0.055227827
-0.07003042
-0.24553913
-0.19771329
0.1628172
-0.093992054
-0.17918436
-0.049634665
-0.07276748
-0.08988068
-0.12757035
-0.0687164
-0.17333935
-0.19693694
-0.080652855
-0.08608831
-0.050487023
-0.14657208
-0.13818116
0.14417598
-0.13553758
0.18775854
-0.086665295
-0.1501836
-0.077534325
0.17691381
0.1421261
0.066141956
0.09514974
-0.24529038
0.17642087
0.025703134
0.11726102
-0.0015527739
-0.06206365
-0.06671396
0.117264375
-0.08579745
0.11454015
-0.028442837
-0.26256678
0.014471119
0.10457508
0.102505594
0.04267905
-0.15081532
0.11938769
-0.23916698
-0.06251719
0.14277491
-0.027877722
0.16237873
-0.017146649
-0.13461159
0.15772346
-0.0007376618
0.170811
-0.03581475
-0.06911818
-0.18820487
-0.19104286
0.10229627
0.09811481
0.03692926
0.060253955
0.016710142
-0.09116314
0.089261696
-0.05894584
-0.1750416
0.016336927
0.11675576
-0.14357229
0.10090197
-0.059263837
0.08995441
-0.1609987
-0.091570415
-0.16163525
0.035461802
0.08286676
0.009316658
-0.17675005
0.078391485
0.043463126
0.08386842
-0.15226592
0.17525728
0.11443659
-0.08611835
-0.13372755
-0.14185409
-0.016977595
0.039348103
-0.016625034
-0.15962778
-0.0053360984
0.18561092
-0.09842505
0.20203811
-0.10513841
0.22225617
0.15690538
-0.17733002
0.02571189
-0.11946309
0.12808119
-0.24004471
0.027104763
-0.18133362
0.021495083
0.047779277
0.025171382
-0.05885744
-0.14389774
-0.16731901
0.05489255
-0.17076874
0.12530708
0.0014778984
-0.02165213
-0.13846512
0.022726245
-0.015991542
0.050010975
0.13805284
0.14527732
0.18889865
-0.061103232
0.04565403
0.030395148
-0.07069348
-0.12701082
-0.010008915
-0.010251197
-0.061585333
-0.2154741
0.04363
-0.07307389
0.054743554
0.0019984096
0.062177923
0.06759671
-0.26273584
0.08176548
0.051947486
-0.06994782
0.064766996
-0.12335749
0.16037014
0.017680937
-0.023016738
0.04432627
0.10153165
-0.025086109
-0.10151264
-0.16723032
0.19469644
-0.088290125
-0.13000365
-0.032193843
-0.100453004
0.16459142
-0.14672819
0.059887193
-0.024607616
-0.17762019
-0.1898732
0.0066960016
-0.07976354
0.0887799
-0.2297813
-0.3020426
-0.057280827
0.09410179
0.13155629
0.12561902
0.14916083
-0.0991299
0.0691125
-0.23043098
-0.17501417
-0.08674265
0.08416466
-0.1630047
-0.14760776
0.024720483
-0.09225479
-0.12386211
0.13537702
0.05457582
0.06788481
0.14488408
-0.12350982
-0.044716734
-0.0020149301
-0.04790604
0.07388136
-0.16828403
0.098747455
-0.0324422
0.06273114
0.016159356
0.13584189
-0.0146759
-0.104589455
0.101939976
-0.16521537
0.11856467
-0.17357717
0.004548824
0.13452776
0.03257196
-0.2537896
0.16590317
-0.21311021
-0.15119486
0.045582227
0.11809309
0.10882663
-0.2012832
-0.13070124
-0.077926554
0.11919062
-0.16117623
-0.05834931
0.03923849
-0.24151327
-0.100904144
-0.07453221
0.0485093
-0.11065627
0.012399156
0.047510304
-0.18882135
0.066555895
-0.2828668
-0.14332297
0.06665048
0.007213192
-0.21966234
-0.12155563
-0.16227168
0.05591532
0.068285644
-0.18029287
0.012420906
0.0735205
0.11248609
-0.08833595
-0.1378968
-0.12741698
-0.065919705
-0.052347615
0.20089851
-0.15354916
-0.060515363
-0.16317336
-0.15499711
-0.018655028
0.10982441
-0.18670551
0.14136627
-0.10413703
0.0751291
-0.19327058
0.032608032
-0.2311082
0.0061467024
-0.030495984
-0.08890094
-0.16956775
0.036410317
-0.13065729
-0.06290815
-0.18625931
0.22580779
-0.07081724
0.10145366
0.01946345
-0.0017572058
-0.046609905
0.18618655
-0.109151095
-0.063897714
-0.08739491
0.011790817
-0.25206676
0.034819584
0.12437185
-0.066665165
0.122992195
0.05762309
-0.33918762
0.10620144
0.111990474
-0.04851102
0.16704951
0.08813497
-0.089070946
0.095577344
-0.24570684
-0.018391747
0.14927724
-0.074581586
-0.01547596
0.003237176
0.034036957
-0.13888977
-0.11093308
-0.12581077
-0.09699918
0.1510506
0.120504685
0.03632187
-0.022750698
-0.087618284
-0.06266936
-0.0035665585
-0.056878265
-0.08001807
0.114987895
-0.01109595
-0.195834
0.13274916
-0.12024845
0.039237928
-0.16979969
0.0034785385
0.035844635
-0.26349035
0.04503872
0.017796962
-0.30368632
0.047544744
0.03645106
-0.24922144
0.0030343202
-0.053824842
0.10420094
-0.16026172
0.06139611
-0.019690327
-0.077959485
-0.07529641
0.029307753
0.123255074
-0.046085976
-0.0023503234
-0.056335922
0.029939098
0.067191064
-0.13094954
-0.0053142635
0.120050035
0.15059271
-0.059992965
0.006802545
-0.05968897
-0.0013085988
0.051453963
-0.057490915
0.0018412833
0.20985562
-0.026323302
-0.01773238
-0.18439658
0.10417884
0.13090417
-0.048746966
0.0251339
-0.2505801
-0.22159918
0.14333002
0.08983588
0.114678085
-0.112274386
0.1579276
0.17264982
-0.07843554
0.0847701
0.13181457
0.17518151
0.017756056
0.075099684
-0.29473558
0.09717936
-0.0025356428
0.119383045
0.0145512195
0.12377153
-0.12573965
-0.035347506
-0.0031326555
-0.18443821
-0.047371004
-0.13805923
0.06441456
0.018307583
-0.24326673
0.13070258
0.09474797
0.06880227
-0.1996208
0.12417965
0.077031545
-0.06610382
-0.011371164
0.11329991
0.04963208
0.091702916
0.031426832
-0.0039011517
-0.10116779
-0.19365017
-0.3167344
-0.00599304
-0.13514797
0.09182996
0.06143342
-0.100632064
0.09178343
-0.26975608
0.057429034
0.092749104
-0.020237923
0.14223236
-0.08907154
-0.025655577
0.081384376
-0.08603698
0.13175033
-0.1890955
-0.03625983
0.03346413
0.09789082
0.07667765
-0.113722764
-0.0715745
-0.032346148
-0.12140615
0.12925096
0.13572249
-0.14963701
-0.09651763
0.014207514
-0.07439175
0.16531141
-0.0326328
0.15039653
0.003317498
-0.149509
-0.2102493
0.16931412
-0.10029359
0.06410889
-0.022056412
0.133912
-0.04780248
0.19157991
0.046711337
-0.12620232
-0.046315353
-0.16364567
-0.010035435
0.10980789
0.14291935
-0.07335507
-0.11221395
-0.057282653
0.17942248
0.012407065
-0.046150472
0.17707594
-0.09715657
0.20224401
-0.014855414
0.029993568
-0.04159775
-0.08512254
-0.013760219
0.007834029
0.047970124
0.1664251
0.14639916
-0.022517696
0.10583426
-0.20627911
0.0040821647
-0.17358872
0.07847228
-0.06480284
0.12941578
-0.16486663
-0.24848855
0.09004969
-0.034976058
0.019650815
0.0032904197
-0.08583995
0.17180459
-0.14957912
0.11340572
-0.15506306
-0.02986882
0.06289317
0.030645212
0.13111609
-0.09199664
-0.064389296
0.026835606
0.23938762
0.070932455
-0.15975659
-0.10581999
0.027773505
-0.11292793
-0.1905684
0.1377268
0.00017957887
-0.05375452
-0.12454156
0.18519895
-0.26667666
-0.055706948
-0.08132585
-0.16594219
-0.060821045
-0.00046272264
-0.09782764
-0.115431435
0.15249352
-0.027164277
0.21681255
0.031724334
-0.11620932
0.011104353
0.112233624
-0.030670065
0.0795912
-0.012542051
-0.14957187
-0.051748283
0.1038087
-0.09952221
0.098218955
-0.10151284
-0.09514644
0.06290055
-0.08978981
-0.09295938
-0.146556
0.029868957
0.058430847
0.05852116
0.159159
0.05670749
-0.036796633
-0.10438566
-0.1715802
-0.12868825
-0.073935434
0.13720553
-0.24297065
0.082284026
-0.27434313
0.11250004
-0.27562723
0.09062078
-0.08522994
-0.02733918
-0.031616107
-0.19504617
0.11228456
0.021115998
0.052844845
-0.14617094
-0.033287477
-0.22991401
0.13465594
0.16438714
-0.18707117
-0.07564052
-0.020193545
-0.057481576
0.162996
-0.017953418
-0.20701239
-0.1072333
0.14814554
-0.25459835
0.14964825
-0.0060929144
0.050381165
0.05902787
-0.12357968
-0.044096563
0.06584467
-0.009447028
-0.25079083
0.068959676
-0.00062507275
-0.01835542
-0.2703569
-0.06492987
-0.053177506
0.17088848
-0.002587422
-0.106783144
-0.04842545
-0.07955557
-0.1587989
-0.061771683
-0.05713852
0.052537326
0.10679415
-0.14122413
-0.045335952
0.22384834
-0.09620172
-0.020646177
-0.039831482
0.14375314
0.0855661
-0.13516213
-0.14447527
-0.09010739
-0.048250895
0.06569293
0.005212912
-0.11691381
0.11136327
0.0004761065
-0.1341493
-0.14477415
-0.038939673
0.020916978
-0.036949776
0.039776813
0.100873865
-0.14406009
-0.1757004
-0.3426324
-0.03066507
0.06445571
0.082599916
0.049336843
-0.17155522
-0.112166256
-0.13690032
0.11296369
-0.14369625
0.025794344
-0.16242602
0.0037155873
-0.034244247
0.07064203
-0.25101772
-0.14259088
0.08389941
-0.2708203
0.042184304
-0.07120497
-0.036450736
0.056704987
0.046631813
-0.07612115
0.03673712
-0.10383177
-0.0043183905
-0.06460882
0.16112304
-0.12588862
-0.1255061
0.008622759
0.09885281
0.10050616
0.082650706
-0.026039079
-0.08628787
-0.30721694
0.10922935
0.049790725
-0.09582574
-0.07832244
-0.14974034
-0.11800785
0.08835193
0.16153839
0.07057367
0.050817348
-0.01818422
0.112173356
0.010111176
0.016845424
-0.39030525
-0.21479921
0.085589506
0.12787437
0.12584479
-0.14375499
-0.074206084
-0.18505713
0.06514932
0.08452838
-0.090019286
0.028036311
-0.018094677
-0.010438086
0.023193846
-0.067057855
0.109793656
-0.02176189
-0.01536576
-0.10132196
0.01358393
-0.0018054479
0.03101096
-0.10672367
-0.21114117
0.21849765
-0.16382292
-0.011987935
-0.07168686
-0.21049164
-0.1922835
0.097124174
0.114698455
-0.11349261
0.06965826
-0.20873275
0.08202338
-0.12737316
-0.0023145443
-0.0050191977
-0.10607874
0.038242355
0.18090442
0.15006134
0.14005974
0.05704443
-0.028210092
-0.13394314
-0.17484586
0.08617229
-0.07563437
0.17902932
-0.09293721
0.13772906
-0.011086204
-0.16856761
-0.11991989
-0.09196884
0.12858352
-0.10182632
-0.09945543
-0.018899402
0.15621789
-0.24504349
-0.096389905
-0.06374171
-0.15063126
-0.042402003
-0.002431925
-0.17060143
0.14688659
0.089201115
0.09149603
0.14916515
-0.068304375
0.11281161
-0.18188787
-0.16538157
0.090988025
0.11950745
-0.09651144
-0.14176483
0.08165209
-0.036866795
-0.16116484
0.085555516
-0.055383045
0.0038399487
0.08945997
-0.13841625
0.08245915
-0.07399221
-0.115737855
0.09300189
-0.00074107037
-0.1577296
0.02254948
0.14364944
-0.08935826
0.04683054
-0.06394597
-0.17243466
0.035320155
-0.26755723
0.055956602
0.024391646
0.10171283
0.10101371
-0.13276267
-0.06932167
0.08970359
-0.085860156
0.10451983
0.03211465
-0.24474014
-0.004891454
-0.15243097
0.13331558
0.0033417144
-0.16949116
0.10761598
-0.2558764
0.08252328
-0.14921826
0.11330985
-0.15427522
-0.09951908
-0.2239166
0.105004825
0.015190228
0.086403556
-0.26377347
-0.1914799
-0.22321546
0.10424505
-0.030424643
0.12609577
-0.0023313747
-0.104083836
0.10253524
0.10829448
0.18149503
-0.09831801
-0.0075226314
0.048791625
-0.058180775
-0.10443481
0.13049836
-0.057868082
-0.20514376
0.0142645305
0.11788802
0.19136618
0.19062348
0.14995608
-0.025028024
-0.14512353
-0.113432206
0.16826756
-0.0500344
-0.18740298
0.030860782
-0.029902954
-0.1652712
0.02503645
-0.15965375
-0.023066582
-0.074235454
-0.031905442
0.11115587
-0.011842591
-0.014854114
0.22697878
-0.19264467
-0.06205862
-0.14268565
-0.077117085
0.033064976
-0.10127212
-0.034837313
-0.014875702
0.05195739
0.029541232
-0.051657047
0.07694553
-0.01423818
0.05038735
-0.15902941
-0.14527453
0.063496016
0.065025896
0.083082855
-0.09684837
0.01646088
0.09224956
-0.30535564
0.12166421
0.0043995143
0.09209623
-0.047430117
0.110671766
-0.2226935
-0.18805854
-0.16199273
0.07422359
0.11958241
0.024432516
-0.28806916
0.0670444
-0.1438951
0.06596327
0.13543037
0.07279945
-0.1805468
-0.19415452
-0.061216675
0.007243567
0.032410827
0.042799138
-0.0010358588
-0.12209041
0.092142664
-0.21277884
-0.009693106
-0.074011706
0.14306036
-0.10240507
0.100247815
-0.010534933
0.15037882
-0.020182392
-0.11039737
0.096807756
-0.15505187
0.04089515
0.080069944
0.075875156
-0.13717692
0.13547228
-0.009702646
-0.20487152
-0.07727748
-0.26619908
-0.09675489
-0.104557954
0.119520046
0.1340016
0.0906609
0.08031988
0.08854346
0.1180842
0.11120689
-0.06941807
0.19153154
-0.027493583
-0.011603728
-0.07639442
0.16630226
-0.10055318
0.099216916
-0.028273001
0.08546238
-0.13895062
0.08755869
0.08272116
0.107129134
-0.15436447
0.01757888
-0.050286066
-0.15887976
-0.13302146
-0.14939421
-0.13968101
0.015417847
0.016948072
-0.27381784
-0.2522418
-0.21329752
0.045085624
0.036118586
0.02235775
-0.08770322
0.10001128
0.038250588
-0.13148126
0.16622354
-0.12872635
-0.0803204
-0.11772802
0.11693032
0.06370003
-0.13186112
-0.09820552
0.15938215
-0.020462584
-0.024412656
0.046921335
0.066909686
0.078962065
-0.13682552
-0.09101951
-0.10462866
0.13205664
-0.25723797
-0.15150255
0.15315981
0.019299379
0.05259334
-0.24172615
0.0894715
0.0024274043
0.028029252
0.02784985
0.19954737
0.10892637
0.020838106
-0.01358407
-0.0040710843
0.14631617
0.003704222
0.11666373
-0.2711829
0.07233788
0.0022772772
-0.2700146
0.11396449
-0.19078344
0.1244078
0.18938518
-0.030545913
-0.20942278
-0.13200869
-0.04420144
-0.019186972
0.051381648
0.15348357
0.059548777
0.1002272
0.1258969
0.000933233
0.0018067143
-0.071351886
-0.0025148615
0.14456809
0.18420748
0.14563495
-0.055885192
0.031052452
0.114901096
-0.06968236
-0.0249489
-0.15638864
-0.08929281
-0.096780814
-0.04595943
-0.0537065
-0.1634378
-0.097131886
0.01878474
0.14111197
0.15406395
0.12333989
0.04656385
0.058027137
-0.23725533
-0.3107653
0.033858158
0.004936144
0.043623425
-0.09208889
0.027954206
0.003984904
0.1773448
-0.2296301
-0.21039216
-0.099823356
0.11992913
-0.0249135
0.14673278
-0.15114987
-0.07932174
-0.055440236
0.18665256
-0.07215887
-0.075032055
0.108089976
0.0047734464
-0.014963615
0.12788415
0.024206674
-0.08792316
0.019521039
0.01784248
-0.13599402
-0.06609528
-0.05363098
-0.020362671
-0.0035025775
0.03337167
-0.1362601
0.07105704
-0.12845384
0.09678738
-0.112358
-0.19294924
0.095506236
0.13683522
0.061478183
-0.22770388
0.10762436
0.021820705
-0.097552076
-0.16638646
0.12166812
0.15947232
-0.0032520208
-0.14026348
0.011566266
-0.01733595
-0.039166942
0.026427582
